139
2.000000 0.000000 1 0 0.000000 366998333634421719040.000000 0.000000
0.000000 2.000000 0.000000
0.000000 0.000000 0.000000
0.000000 0.000000 0.000000
1.000000 0.000000 0.000000 0.000000
0.800000 0.800000 0.800000
0.500000
0.500000 1.000000 0 0 0.831470 0.000000 0.555570
-52.371437 0.503909 -65.436714
-2.836759 -0.006529 -3.601538
-7.191541 0.000000 5.665169
-0.424759 0.713529 0.006370 -0.557150
0.700000 1.000000 0.400000
0.500000
0.500000 1.000000 0 0 -0.980785 0.000000 0.195090
-141.640152 0.507241 -23.203646
-10.780522 0.004848 -2.124444
-4.248178 -0.000020 21.557423
0.784943 0.090500 -0.016131 -0.612710
1.000000 0.400000 0.700000
0.500000
0.500000 1.000000 0 0 0.707107 0.000000 -0.707107
56.264812 0.506857 -73.378418
3.547534 0.001780 -5.275358
-10.551848 0.000019 -7.095797
-0.123882 0.820627 -0.059654 0.554676
0.400000 0.700000 1.000000
0.500000
0.500000 1.000000 0 0 0.194151 -0.098017 0.976063
-70.178780 0.502682 32.427593
-4.657411 -0.009693 1.941396
3.880668 -0.000004 9.309742
-0.973519 0.118904 -0.011768 0.194896
0.700000 1.000000 0.400000
0.500000
0.500000 1.000000 0 0 -0.703702 -0.098017 -0.703702
-89.055428 0.508821 -101.267014
-6.317168 0.005413 -7.417907
-14.849339 -0.000015 12.645826
0.458665 -0.680196 -0.005064 0.571782
1.000000 0.400000 0.700000
0.500000
0.500000 1.000000 0 0 0.995185 -0.098017 0.000000
39.183552 0.501306 47.562477
2.234874 0.002716 2.671364
5.338486 0.000000 -4.466193
0.964043 0.203826 -0.000007 -0.170517
0.400000 0.700000 1.000000
0.500000
0.500000 1.000000 0 0 -0.693520 -0.195090 0.693520
-110.787437 0.502710 -34.547512
-9.016790 -0.004650 -3.031153
-6.066933 0.000003 18.047195
-0.829496 0.112223 -0.099769 0.537949
0.700000 1.000000 0.400000
0.500000
0.500000 1.000000 0 0 0.000000 -0.195090 -0.980785
77.845169 0.504619 -56.433605
5.257736 0.004714 -3.987443
-7.985099 -0.000001 -10.525776
0.250313 -0.594464 0.023217 -0.763817
1.000000 0.400000 0.700000
0.500000
0.500000 1.000000 0 0 0.676659 -0.290285 0.676659
-120.175278 0.507657 -35.794476
-8.227047 0.002349 -2.814742
-5.628085 0.000006 16.450037
-0.997379 0.042784 -0.029685 0.050228
0.400000 0.700000 1.000000
0.500000
0.500000 1.000000 0 0 -0.956940 -0.290285 -0.000000
-34.602119 0.501946 25.488430
-2.213990 0.003304 1.403533
2.804977 0.000000 4.424638
-0.910979 -0.220831 0.000009 -0.348355
0.700000 1.000000 0.400000
0.500000
0.500000 1.000000 0 0 0.795667 -0.290285 -0.531648
37.197826 0.508387 52.340118
2.210943 0.002622 2.907823
5.823144 -0.000002 -4.429104
-0.370513 0.739356 -0.000040 -0.562204
1.000000 0.400000 0.700000
0.500000
0.500000 1.000000 0 0 -0.000000 -0.382683 0.923880
-1.634168 0.507131 -107.389145
-0.272443 0.003104 -8.299718
-16.612062 -0.000002 0.545145
-0.198342 -0.979422 -0.013832 0.034660
0.400000 0.700000 1.000000
0.500000
0.500000 1.000000 0 0 -0.513280 -0.382683 -0.768178
46.740875 0.501612 -84.605690
3.622065 0.003299 -6.447436
-12.901579 -0.000017 -7.247163
0.833585 0.482952 -0.048716 0.263668
0.700000 1.000000 0.400000
0.500000
0.500000 1.000000 0 0 0.881921 -0.471397 0.000000
1.939678 0.504499 -104.735817
0.214168 -0.009713 -8.150916
-16.297203 -0.000025 -0.428213
-0.892596 -0.444809 -0.032752 0.065921
1.000000 0.400000 0.700000
0.500000
0.500000 1.000000 0 0 -0.733291 -0.471397 0.489969
-144.428253 0.507898 -34.795952
-10.089144 0.002336 -2.584578
-5.174866 0.000014 20.189320
0.735746 -0.390388 -0.038027 0.552114
0.400000 0.700000 1.000000
0.500000
0.500000 1.000000 0 0 0.000000 0.000000 0.000000
5.099233 0.506475 -100.128273
0.102816 0.002538 -8.036647
-16.060600 0.000008 -0.212109
-0.875940 -0.473478 -0.061279 0.069229
0.700000 1.000000 0.400000
0.500000
0.500000 1.000000 0 0 0.000000 0.000000 0.000000
-119.607933 0.506579 -13.828302
-8.523327 -0.010420 -1.337383
-2.674376 -0.000012 17.044155
-0.991389 0.070677 -0.020221 -0.108370
1.000000 0.400000 0.700000
0.500000
0.500000 1.000000 0 0 0.000000 0.000000 0.000000
75.773109 0.507985 -17.895868
4.887706 0.003292 -1.291677
-2.581913 0.000000 -9.769998
-0.604523 0.203519 0.000013 0.770150
0.400000 0.700000 1.000000
0.500000
0.500000 1.000000 0 0 0.000000 0.000000 0.000000
2.507826 0.504811 -86.994232
-0.033393 0.002276 -6.195061
-12.400242 -0.000015 0.066842
0.968717 0.248000 -0.005157 0.007496
0.700000 1.000000 0.400000
0.500000
0.500000 1.000000 0 0 0.000000 0.000000 0.000000
-87.982979 0.503349 21.391953
-6.791420 -0.008711 1.075410
2.146548 -0.000003 13.593687
0.465274 -0.179418 0.031673 -0.866214
1.000000 0.400000 0.700000
0.500000
0.500000 1.000000 0 0 0.000000 0.000000 0.000000
-94.519661 0.502188 -55.335686
-6.885021 0.005113 -4.471508
-8.935061 0.000005 13.757792
0.825337 0.305901 0.008462 -0.474522
0.400000 0.700000 1.000000
0.500000
0.500000 1.000000 0 0 0.000000 0.000000 0.000000
-55.764748 0.505840 -45.242283
-3.866035 -0.005083 -3.411595
-6.815723 -0.000000 7.723619
0.997155 0.062769 -0.005439 -0.041390
0.700000 1.000000 0.400000
0.500000
0.500000 1.000000 0 0 0.000000 0.000000 0.000000
27.002838 0.504483 -71.528130
1.327689 0.001573 -5.042802
-10.079105 -0.000000 -2.651732
-0.679575 -0.706884 -0.019232 -0.195253
1.000000 0.400000 0.700000
0.500000
0.500000 1.000000 0 0 0.000000 0.000000 2.687500
-86.634735 0.504395 -53.554043
-7.001906 -0.000719 -4.697991
-9.388783 -0.000009 13.992411
0.297435 0.502165 -0.051032 -0.810406
0.400000 0.700000 1.000000
0.500000
0.500000 1.000000 0 0 0.000000 0.000000 0.000000
-87.136200 0.501994 10.182518
-6.369058 0.001010 0.561188
1.113529 0.000010 12.752470
0.934884 -0.029230 -0.006080 0.353694
0.700000 1.000000 0.400000
0.500000
0.500000 1.000000 0 0 2.687500 0.000000 0.000000
21.416714 0.505084 60.356598
1.317029 0.003941 3.751991
7.511909 0.000000 -2.636860
-0.964148 0.249821 -0.000434 -0.089488
1.000000 0.400000 0.700000
0.500000
0.500000 1.000000 0 0 0.000000 0.000000 0.000000
82.258209 0.507595 -80.931046
6.110890 0.000659 -6.299595
-12.612073 -0.000017 -12.234121
0.896659 -0.327289 -0.054969 -0.293022
0.400000 0.700000 1.000000
0.500000
0.500000 1.000000 0 0 0.000000 0.000000 0.000000
23.283800 0.507977 -63.838215
1.746512 -0.010266 -5.388298
-10.785119 0.000003 -3.495808
0.782914 -0.529344 -0.066860 -0.319954
0.700000 1.000000 0.400000
0.500000
0.500000 1.000000 0 0 0.000000 0.000000 0.000000
-112.389725 0.507939 -0.975035
-8.469810 0.001766 -0.495741
-0.991082 0.000031 16.932880
-0.009821 -0.178404 0.005851 0.983891
1.000000 0.400000 0.700000
0.500000
0.500000 1.000000 0 0 0.000000 0.000000 0.000000
75.090324 0.506012 -59.100376
4.537106 0.008895 -3.818374
-7.632842 0.000005 -9.069839
-0.479108 -0.535380 0.081523 -0.690781
0.400000 0.700000 1.000000
0.500000
0.500000 1.000000 0 0 0.000000 0.000000 0.000000
55.040836 0.508052 -81.446968
3.698432 0.002458 -6.568695
-13.122647 0.000013 -7.401899
0.262797 -0.841820 0.003878 -0.471446
0.700000 1.000000 0.400000
0.500000
0.500000 1.000000 0 0 0.000000 0.000000 0.000000
-98.848328 0.508281 -9.022807
-6.084712 0.002474 -0.675821
-1.353015 0.000007 12.182008
0.958642 0.010584 -0.003149 -0.284399
1.000000 0.400000 0.700000
0.500000
0.500000 1.000000 0 0 0.000000 0.000000 0.000000
-52.734982 0.504949 38.870560
-3.158518 0.003417 2.574100
5.143162 0.000002 6.311434
0.752735 -0.461548 0.063101 -0.465169
0.400000 0.700000 1.000000
0.500000
0.500000 1.000000 0 0 0.000000 0.000000 0.000000
-11.447309 0.504815 41.788383
-0.851939 0.002951 2.744918
5.502733 0.000000 1.701720
-0.879534 -0.454509 -0.000009 -0.140861
0.700000 1.000000 0.400000
0.500000
0.500000 1.000000 0 0 0.000000 0.000000 0.000000
-93.451027 0.500561 27.590300
-6.204084 0.002639 1.668473
3.337437 0.000002 12.409979
0.978060 -0.041324 -0.007496 0.204047
1.000000 0.400000 0.700000
0.500000
0.500000 1.000000 0 0 0.000000 0.000000 0.000000
87.118896 0.500767 -42.000397
6.338614 -0.001673 -3.238270
-6.481790 -0.000000 -12.687553
0.279376 -0.436823 0.000008 -0.855064
0.400000 0.700000 1.000000
0.500000
0.500000 1.000000 0 0 0.000000 0.000000 0.000000
-90.961868 0.500282 -54.849583
-7.026281 0.000800 -5.282035
-10.569901 -0.000013 14.047982
0.923115 0.142121 -0.141375 -0.328138
0.700000 1.000000 0.400000
0.500000
0.500000 1.000000 0 0 0.000000 0.000000 0.000000
-32.576775 0.503161 -18.773859
-4.494072 0.011723 -4.778977
-9.551884 0.000000 8.982018
-0.418989 0.497381 0.165056 -0.741497
1.000000 0.400000 0.700000
0.500000
0.500000 1.000000 0 0 0.000000 0.000000 0.000000
5.264177 0.507461 -71.352539
0.127237 0.009189 -5.163855
-10.345606 0.000005 -0.251728
0.378634 0.903017 -0.193227 -0.062128
0.400000 0.700000 1.000000
0.500000
0.500000 1.000000 0 0 0.000000 0.000000 0.000000
-84.275032 0.506042 -3.964806
-6.765082 0.002569 -0.887841
-1.775036 -0.000007 13.525112
-0.279148 0.065043 0.060529 0.956128
0.700000 1.000000 0.400000
0.500000
0.500000 1.000000 0 0 0.000000 0.000000 0.000000
-85.784790 0.509606 -5.423490
-6.290730 0.004442 -0.683306
-1.366855 0.000016 12.583695
0.311642 -0.129359 -0.048210 0.940117
1.000000 0.400000 0.700000
0.500000
0.500000 1.000000 0 0 0.000000 0.000000 0.000000
-20.681637 0.504790 9.343892
-1.526889 -0.004885 0.429965
0.861294 0.000000 3.058896
-0.950777 -0.083985 -0.000002 -0.298276
0.400000 0.700000 1.000000
0.500000
0.500000 1.000000 0 0 0.000000 0.000000 0.000000
37.137383 0.506470 -83.303040
2.817207 -0.008738 -6.455216
-12.924049 0.000000 -5.641405
0.804737 -0.553936 0.004473 -0.213384
0.700000 1.000000 0.400000
0.500000
0.500000 1.000000 0 0 0.000000 0.000000 0.000000
37.204288 0.506338 -75.308998
2.900453 -0.009835 -6.147346
-12.282990 0.000000 -5.795354
-0.446480 -0.800160 0.222019 -0.333329
1.000000 0.400000 0.700000
0.500000
0.500000 1.000000 0 0 0.000000 0.000000 0.000000
-85.900284 0.505089 20.503067
-6.551497 0.003918 0.896140
1.794245 -0.000000 13.113238
-0.558157 0.111778 -0.003467 0.822164
0.400000 0.700000 1.000000
0.500000
0.500000 1.000000 0 0 0.000000 0.000000 0.000000
-114.258156 0.505716 -29.140957
-9.808691 0.000988 -2.574313
-5.147912 0.000025 19.614761
0.135245 -0.230568 -0.118765 0.956265
0.700000 1.000000 0.400000
0.500000
0.500000 1.000000 0 0 0.000000 0.000000 0.000000
12.968697 0.504104 -122.550339
0.496851 0.001865 -9.262407
-18.526814 0.000002 -0.992470
-0.642817 0.764842 0.001245 0.042440
1.000000 0.400000 0.700000
0.500000
0.500000 1.000000 0 0 0.000000 0.000000 0.000000
-83.885147 0.500813 -42.826847
-6.899574 0.000869 -3.725660
-7.441927 -0.000000 13.782153
-0.708006 0.335539 -0.000009 -0.621403
0.400000 0.700000 1.000000
0.500000
0.500000 1.000000 0 0 0.000000 0.000000 0.000000
-64.762604 0.500346 -75.497086
-5.230579 -0.011183 -6.652449
-13.298721 0.000018 10.456292
0.897665 -0.308229 -0.022984 0.314108
0.700000 1.000000 0.400000
0.500000
0.500000 1.000000 0 0 0.000000 0.000000 0.000000
15.999026 0.506358 -109.638763
1.000701 0.002667 -8.928742
-17.844452 0.000002 -1.999944
0.041809 -0.992388 -0.007300 -0.115603
1.000000 0.400000 0.700000
0.500000
0.500000 1.000000 0 0 0.000000 0.000000 0.000000
10.975180 0.506114 -95.593361
0.490642 0.002706 -7.452893
-14.904031 -0.000001 -0.981173
-0.538390 -0.841060 -0.014154 -0.050539
0.400000 0.700000 1.000000
0.500000
0.500000 1.000000 0 0 0.000000 0.000000 0.000000
-51.105392 0.509461 15.049963
-4.048258 0.004190 1.018915
2.038297 -0.000002 8.101831
-0.001600 -0.236014 0.045144 -0.970699
0.700000 1.000000 0.400000
0.500000
0.500000 1.000000 0 0 0.000000 0.000000 0.000000
-99.953285 0.508605 -21.050837
-7.943709 0.008883 -1.855498
-3.712158 -0.000028 15.893093
0.508235 -0.279683 0.047157 0.813173
1.000000 0.400000 0.700000
0.500000
0.500000 1.000000 0 0 0.000000 0.000000 0.000000
25.185728 0.504822 -54.791889
1.903788 0.001559 -5.181469
-10.364106 0.000005 -3.808125
-0.426000 -0.763271 -0.063371 -0.481587
0.400000 0.700000 1.000000
0.500000
0.500000 1.000000 0 0 0.000000 0.000000 0.000000
55.103390 0.501139 -109.444702
4.028011 -0.004854 -9.427623
-18.837215 0.000001 -8.048213
-0.965629 -0.238881 0.000288 -0.102450
0.700000 1.000000 0.400000
0.500000
0.500000 1.000000 0 0 0.000000 0.000000 0.000000
-47.571827 0.504244 62.789330
-4.004287 0.002153 5.037000
10.064614 0.000003 8.004302
-0.181510 0.769103 -0.021023 0.612449
1.000000 0.400000 0.700000
0.500000
0.500000 1.000000 0 0 0.000000 0.000000 0.000000
-92.393303 0.505068 14.600092
-7.685692 0.002160 0.807583
1.615202 -0.000012 15.371704
0.976623 0.025035 0.107672 -0.184357
0.400000 0.700000 1.000000
0.500000
0.500000 1.000000 0 0 0.000000 0.000000 0.000000
-30.182657 0.503945 -91.391151
-2.746002 0.003878 -6.309836
-12.620233 0.000011 5.492393
-0.725113 -0.627942 -0.010875 0.282457
0.700000 1.000000 0.400000
0.500000
0.500000 1.000000 0 0 0.000000 0.000000 0.000000
-47.825535 0.509294 54.345707
-3.871606 0.004254 4.136653
8.276055 -0.000003 7.745725
-0.124726 0.723772 -0.051633 0.676706
1.000000 0.400000 0.700000
0.500000
0.500000 1.000000 0 0 0.000000 0.000000 0.000000
76.836296 0.503164 -9.307988
5.411278 -0.008080 -0.809650
-1.615903 -0.000000 -10.833707
0.779386 0.092683 -0.000020 0.619651
0.400000 0.700000 1.000000
0.500000
0.500000 1.000000 0 0 0.000000 0.000000 0.000000
-109.179596 0.506173 7.000011
-9.086290 0.003257 0.410491
0.821130 -0.000002 18.178139
0.175733 0.031821 -0.029660 0.983476
0.700000 1.000000 0.400000
0.500000
0.500000 1.000000 0 0 0.000000 0.000000 0.000000
-15.024075 0.502842 18.762177
-1.208229 -0.005273 1.245230
2.492609 0.000000 2.418482
0.584237 -0.582470 0.000002 -0.565151
1.000000 0.400000 0.700000
0.500000
0.500000 1.000000 0 0 0.000000 0.000000 0.000000
-56.376762 0.502794 -49.450550
-4.455465 0.002891 -4.244201
-8.476539 -0.000022 8.898483
-0.967779 -0.162125 -0.008348 0.192484
0.400000 0.700000 1.000000
0.500000
0.500000 1.000000 0 0 0.000000 0.000000 0.000000
24.451740 0.503662 8.918577
1.878397 -0.005554 0.681238
1.361514 -0.000000 -3.754174
0.898228 0.149855 -0.000004 -0.413194
0.700000 1.000000 0.400000
0.500000
0.500000 1.000000 0 0 0.000000 0.000000 0.000000
40.001171 0.504042 -37.093487
3.317782 0.001670 -3.331152
-6.668091 0.000001 -6.641326
-0.557395 -0.456344 0.348887 -0.599449
1.000000 0.400000 0.700000
0.500000
0.500000 1.000000 0 0 0.000000 0.000000 0.000000
-65.945114 0.509044 -28.447872
-5.841606 0.002459 -2.747536
-5.500908 -0.000001 11.695631
0.260875 0.411428 0.027354 -0.872882
0.400000 0.700000 1.000000
0.500000
0.500000 1.000000 0 0 0.000000 0.000000 0.000000
-91.760483 0.508480 -35.561676
-7.944692 -0.010637 -3.443002
-6.892546 -0.000008 15.904555
-0.988776 0.123814 -0.042451 -0.072040
0.700000 1.000000 0.400000
0.500000
0.500000 1.000000 0 0 0.000000 0.000000 0.000000
41.338642 0.507014 1.838402
3.604020 0.002323 0.011915
0.023769 -0.000002 -7.188689
0.649970 -0.011515 -0.016241 0.759699
1.000000 0.400000 0.700000
0.500000
0.500000 1.000000 0 0 0.000000 0.000000 0.000000
36.786228 0.506378 -95.957756
2.281330 0.002866 -8.423136
-16.860123 0.000012 -4.566211
-0.988356 0.142591 -0.037366 0.037727
0.400000 0.700000 1.000000
0.500000
0.500000 1.000000 0 0 0.000000 0.000000 0.000000
69.130493 0.501486 -17.769146
5.624930 0.002317 -1.625526
-3.247212 0.000000 -11.231436
0.967626 0.031551 -0.015477 0.249929
0.700000 1.000000 0.400000
0.500000
0.500000 1.000000 0 0 0.000000 0.000000 0.000000
-74.834579 0.506685 -14.853972
-6.272136 0.003367 -1.647120
-3.290483 0.000004 12.529946
0.962176 0.045347 0.012408 -0.268342
1.000000 0.400000 0.700000
0.500000
0.500000 1.000000 0 0 0.000000 0.000000 0.000000
-80.943062 0.508039 -40.254536
-7.125596 -0.010016 -3.905079
-7.814158 -0.000002 14.258997
0.049232 0.478698 -0.008330 -0.876559
0.400000 0.700000 1.000000
0.500000
0.500000 1.000000 0 0 0.000000 0.000000 0.000000
66.876602 0.505195 -57.426430
5.151007 0.003361 -5.274172
-10.540311 -0.000012 -10.293708
-0.461084 -0.633563 0.006442 -0.621255
0.700000 1.000000 0.400000
0.500000
0.500000 1.000000 0 0 0.000000 0.000000 0.000000
-45.442600 0.504035 -12.604777
-4.286233 -0.009618 -1.429255
-2.861522 0.000000 8.581489
-0.987060 0.059182 -0.001665 -0.149022
1.000000 0.400000 0.700000
0.500000
0.500000 1.000000 0 0 0.000000 0.000000 0.000000
-94.493164 0.508141 -42.942974
-7.235564 0.008591 -3.723006
-7.440711 0.000003 14.468887
-0.936108 -0.153207 0.027798 0.315367
0.400000 0.700000 1.000000
0.500000
0.500000 1.000000 0 0 0.000000 0.000000 0.000000
15.928586 0.502091 -55.460777
2.432944 0.026450 -10.231340
-13.326281 -0.000005 -3.211938
0.476799 0.850572 -0.020296 0.220859
0.700000 1.000000 0.400000
0.500000
0.500000 1.000000 0 0 0.000000 0.000000 0.000000
43.991379 0.503966 -78.983086
3.554454 -0.001222 -7.357173
-14.701569 -0.000005 -7.102671
-0.965618 0.245662 0.008552 0.084612
1.000000 0.400000 0.700000
0.500000
0.500000 1.000000 0 0 0.000000 0.000000 0.000000
-73.504074 0.500836 39.785538
-5.981264 -0.005107 3.035035
6.078770 0.000000 11.977494
-0.821538 0.271080 -0.012805 0.501425
0.400000 0.700000 1.000000
0.500000
0.500000 1.000000 0 0 0.000000 0.000000 0.000000
-94.009071 0.500589 -45.710613
-7.167750 0.003506 -4.060269
-8.118238 -0.000002 14.331461
0.999383 0.017118 -0.006508 -0.029980
0.700000 1.000000 0.400000
0.500000
0.500000 1.000000 0 0 0.000000 0.000000 0.000000
18.285135 0.504317 -11.851129
1.373209 0.003698 -1.347189
-2.689676 -0.000005 -2.741611
0.366408 -0.658248 0.020339 -0.657298
1.000000 0.400000 0.700000
0.500000
0.866025 2.000000 0 1 0.500000 0.500000 0.500000
12.937489 2.051259 0.346648
4.629206 4.911030 -0.245452
1.541206 -3.843932 -1.577051
-0.525401 -0.482406 0.651971 0.257239
0.600000 0.700000 1.000000
0.500000
0.866025 2.000000 0 1 0.500000 0.500000 0.500000
11.817071 1.915752 -17.781946
2.456052 7.700819 -4.947194
-4.965021 1.507985 5.608263
-0.365475 0.256383 -0.415284 -0.792613
0.800000 1.000000 0.200000
0.500000
0.866025 2.000000 0 1 0.500000 0.500000 0.500000
-21.384972 1.384000 -7.282894
-8.384882 -3.132096 -4.321836
10.706064 1.467687 -11.339088
0.392795 -0.322169 0.490777 -0.707854
1.000000 0.400000 0.600000
0.500000
0.866025 2.000000 0 1 0.500000 0.500000 0.500000
-45.748158 2.132314 -13.181038
-12.040542 -4.105455 -4.579455
5.461721 -3.805234 7.870725
-0.771692 0.433546 -0.305780 -0.350755
0.600000 0.700000 1.000000
0.500000
0.866025 2.000000 0 1 0.500000 0.500000 0.500000
15.225996 0.642829 -51.182590
2.257499 -0.662981 -8.930773
-1.220852 -0.695590 0.749986
0.193618 -0.584967 -0.765847 0.183859
0.800000 1.000000 0.200000
0.500000
0.866025 2.000000 0 1 0.500000 0.500000 0.500000
6.287963 0.787931 -49.349392
0.489408 -0.130341 -13.120856
0.492522 1.531588 1.823371
0.216502 0.872560 0.096719 0.427096
1.000000 0.400000 0.600000
0.500000
0.866025 2.000000 0 1 0.500000 0.500000 0.500000
-51.881550 0.649158 -13.828973
-12.991673 1.221573 -4.714356
0.167342 0.523239 -2.717694
0.102115 0.577747 -0.126570 0.799850
0.600000 0.700000 1.000000
0.500000
0.866025 2.000000 0 1 0.500000 0.500000 0.500000
11.370487 0.852998 -60.340912
2.016480 0.040169 -15.640125
-1.548494 3.290265 6.036760
-0.338790 0.163744 0.878053 0.295689
0.800000 1.000000 0.200000
0.500000
0.866025 2.000000 0 1 0.500000 0.500000 0.500000
-20.931341 0.707056 0.084366
-7.444088 0.012086 -0.322678
-0.103149 0.001157 0.738032
-0.367678 -0.039664 0.015401 0.928979
1.000000 0.400000 0.600000
0.500000
0.866025 2.000000 0 1 0.500000 0.500000 0.500000
-40.241879 0.614515 -12.230740
-7.382568 0.022746 -2.535694
1.217767 -0.438591 -0.215056
0.427992 -0.592518 0.495705 -0.469064
0.600000 0.700000 1.000000
0.500000
0.866025 2.000000 0 1 0.500000 0.500000 0.500000
26.475996 0.521193 -34.426357
4.168689 0.103667 -6.734900
-0.875354 -0.118292 0.318457
-0.003635 -0.137270 0.005807 -0.990510
0.800000 1.000000 0.200000
0.500000
0.866025 2.000000 0 1 0.500000 0.500000 0.500000
-29.173952 0.855106 -25.059055
-8.810281 8.304394 -7.965750
-2.096575 1.317981 6.413745
0.899538 -0.380574 0.143689 0.159213
1.000000 0.400000 0.600000
0.500000
0.866025 2.000000 0 1 0.500000 0.500000 0.500000
-42.085423 0.561195 -34.758858
-10.896570 0.919626 -10.182658
-1.995065 -0.514149 -0.833453
-0.695125 -0.626436 0.267273 -0.230096
0.600000 0.700000 1.000000
0.500000
0.866025 2.000000 0 1 0.500000 0.500000 0.500000
10.927252 0.717179 -40.806889
1.541210 -0.026102 -9.874005
-0.563554 0.082325 -0.649703
0.892832 -0.061643 0.093712 -0.436199
0.800000 1.000000 0.200000
0.500000
0.866025 2.000000 0 1 0.500000 0.500000 0.500000
20.004688 0.530384 -31.220701
3.999809 -0.022731 -8.187450
-0.796501 -0.313587 0.000601
-0.641727 0.645965 -0.284516 -0.299944
1.000000 0.400000 0.600000
0.500000
0.866025 2.000000 0 1 0.500000 0.500000 0.500000
-41.230167 0.658579 -28.370247
-11.440614 0.828740 -8.946606
0.048077 0.422783 2.535631
-0.662156 -0.158479 0.012819 -0.732305
0.600000 0.700000 1.000000
0.500000
0.866025 2.000000 0 1 0.500000 0.500000 0.500000
4.936656 0.512212 -39.367508
0.922706 0.047750 -7.965587
-0.302098 -0.171183 0.799824
-0.003551 -0.986147 -0.002637 0.165816
0.800000 1.000000 0.200000
0.500000
0.866025 2.000000 0 1 0.500000 0.500000 0.500000
-5.265103 0.848177 -25.224503
-3.337119 -0.569700 -10.597148
-3.355062 2.024007 0.808010
0.214890 -0.922777 -0.060955 0.313989
1.000000 0.400000 0.600000
0.500000
0.866025 2.000000 0 1 0.500000 0.500000 0.500000
-45.693680 0.694723 -26.548531
-11.563117 0.395138 -7.620489
0.258523 -1.435598 -0.478693
0.170501 -0.141108 0.973481 0.057901
0.600000 0.700000 1.000000
0.500000
0.866025 2.000000 0 1 0.500000 0.500000 0.500000
25.942688 0.915574 -21.195908
6.875623 -5.189620 -6.993548
5.800966 8.109330 2.103483
0.817131 -0.449634 -0.167222 -0.319630
0.800000 1.000000 0.200000
0.500000
0.866025 2.000000 0 1 0.500000 0.500000 0.500000
14.936005 0.512865 -20.757618
2.778416 -0.089889 -5.573822
-0.369444 -0.133427 -0.026704
-0.542020 0.554304 -0.440819 -0.452372
1.000000 0.400000 0.600000
0.500000
0.866025 2.000000 0 1 0.500000 0.500000 0.500000
-40.405224 0.752115 -42.480255
-11.830352 1.189924 -13.772005
-2.016165 3.316642 3.419667
0.947646 -0.118583 -0.166107 0.245588
0.600000 0.700000 1.000000
0.500000
0.866025 2.000000 0 1 0.500000 0.500000 0.500000
31.967281 0.574101 -32.584530
6.515930 0.663497 -8.337950
-0.794138 0.809579 0.546495
-0.496338 -0.495933 -0.535655 0.469865
0.800000 1.000000 0.200000
0.500000
0.866025 2.000000 0 1 0.500000 0.500000 0.500000
-15.515527 0.512899 4.401138
-3.404878 -0.053158 0.392567
-0.269696 0.116327 -0.203919
-0.259219 0.655332 -0.659305 0.262035
1.000000 0.400000 0.600000
0.500000
0.866025 2.000000 0 1 0.500000 0.500000 0.500000
-37.101467 0.516380 -2.857656
-8.457390 -0.033204 -2.285819
0.383273 -0.257427 0.006829
0.655642 -0.641768 -0.281475 -0.281139
0.600000 0.700000 1.000000
0.500000
0.866025 2.000000 0 1 0.500000 0.500000 0.500000
-7.257708 0.843966 -42.315811
-3.417259 -0.263434 -13.621366
0.279608 -6.576213 5.052657
0.004950 -0.023619 0.665678 -0.745849
0.800000 1.000000 0.200000
0.500000
0.866025 2.000000 0 1 0.500000 0.500000 0.500000
-11.891470 2.276942 -25.875570
-4.255475 3.955808 -9.735616
-2.197279 3.163383 3.104244
0.472452 -0.831198 0.289298 0.046966
1.000000 0.400000 0.600000
0.500000
0.866025 2.000000 0 1 0.500000 0.500000 0.500000
-59.482956 0.788651 -8.016463
-18.760000 0.990402 -3.769920
2.851167 2.000940 -4.550549
-0.847639 0.044576 0.082868 0.522162
0.600000 0.700000 1.000000
0.500000
0.866025 2.000000 0 1 0.500000 0.500000 0.500000
2.504080 0.941703 -43.432072
-1.647245 -0.676823 -14.676867
-1.741328 0.840097 0.269637
0.369273 0.278261 -0.383759 -0.799336
0.800000 1.000000 0.200000
0.500000
0.866025 2.000000 0 1 0.500000 0.500000 0.500000
-8.535193 0.510845 -4.342965
-1.860637 -0.045874 -1.882821
0.184999 -1.151395 -0.730070
0.303722 0.635760 -0.643261 -0.299629
1.000000 0.400000 0.600000
0.500000
0.866025 2.000000 0 1 0.500000 0.500000 0.500000
-40.094536 0.756945 -24.025932
-13.155239 0.020481 -9.098037
3.150609 -4.792687 -1.687085
-0.780755 -0.570262 -0.209033 0.146725
0.600000 0.700000 1.000000
0.500000
0.866025 2.000000 0 1 0.500000 0.500000 0.500000
12.961027 0.668361 -40.234348
2.211425 -0.855009 -13.280324
-0.719842 -1.640274 -0.767614
0.879932 -0.088138 -0.434628 0.170440
0.800000 1.000000 0.200000
0.500000
0.866025 2.000000 0 1 0.500000 0.500000 0.500000
29.909779 0.855085 20.579481
9.740483 2.009011 6.347531
-0.249654 -18.121870 -7.671311
0.330132 -0.593580 -0.226187 0.698223
1.000000 0.400000 0.600000
0.500000
0.866025 2.000000 0 1 0.500000 0.500000 0.500000
-33.792782 0.574802 -23.240620
-10.865521 -0.818660 -9.043638
-1.747132 -3.655991 -0.901016
0.447692 -0.516632 -0.598307 0.417962
0.600000 0.700000 1.000000
0.500000
0.866025 2.000000 0 1 0.500000 0.500000 0.500000
-5.630432 0.632653 -54.699612
-3.126221 0.614885 -18.808132
3.541806 -0.120429 -1.156707
-0.961729 -0.019026 0.256476 0.094523
0.800000 1.000000 0.200000
0.500000
0.866025 2.000000 0 1 0.500000 0.500000 0.500000
-22.329018 0.572761 14.361916
-8.455256 0.343558 4.337812
0.361412 0.577288 -0.410159
0.003910 -0.043546 -0.671113 -0.740065
1.000000 0.400000 0.600000
0.500000
0.866025 2.000000 0 1 0.500000 0.500000 0.500000
-35.154221 0.909529 -35.696625
-12.707860 -1.287863 -14.229422
7.213837 1.233448 -6.499927
-0.858819 0.128790 0.330370 -0.369727
0.600000 0.700000 1.000000
0.500000
0.866025 2.000000 0 1 0.500000 0.500000 0.500000
7.140141 0.686893 -41.988785
1.456250 0.348621 -15.226873
0.578888 -0.775399 0.802546
-0.266500 -0.020290 -0.944516 0.190936
0.800000 1.000000 0.200000
0.500000
0.866025 2.000000 0 1 0.500000 0.500000 0.500000
-11.431915 0.530485 13.308167
-4.092521 0.451198 3.107715
-0.567752 0.234467 0.716311
0.002423 -0.191863 0.018622 -0.981242
1.000000 0.400000 0.600000
0.500000
0.866025 2.000000 0 1 0.500000 0.500000 0.500000
-35.543373 0.837355 -10.814705
-12.591475 -0.290418 -6.129335
1.025637 0.988697 1.850157
-0.889062 0.235926 0.334579 -0.204855
0.600000 0.700000 1.000000
0.500000
0.866025 2.000000 0 1 0.500000 0.500000 0.500000
11.383674 0.934635 -31.029724
3.516519 -1.269740 -14.104838
-1.420792 -4.743497 5.386901
0.145482 -0.529541 -0.605798 0.575700
0.800000 1.000000 0.200000
0.500000
0.866025 2.000000 0 1 0.500000 0.500000 0.500000
1.109636 2.608472 -6.771663
-0.900980 -1.277243 -3.505073
9.430389 -10.134188 -1.958157
-0.519606 0.120812 -0.563099 0.631137
1.000000 0.400000 0.600000
0.500000
0.866025 2.000000 0 1 0.500000 0.500000 0.500000
-29.896057 0.547208 3.972854
-9.344282 0.323055 -0.378323
0.262358 -1.362413 -0.266731
-0.328858 0.600538 0.639765 -0.349152
0.600000 0.700000 1.000000
0.500000
0.866025 2.000000 0 1 0.500000 0.500000 0.500000
2.440357 0.789639 -39.210674
-1.301882 0.252058 -14.523131
-1.902946 1.006827 1.340838
-0.819406 0.119481 -0.503860 -0.245814
0.800000 1.000000 0.200000
0.500000
0.866025 2.000000 0 1 0.500000 0.500000 0.500000
-4.158325 2.608839 -13.334908
-2.520826 -11.512983 -6.758290
-5.599954 -6.490010 -7.158641
-0.699576 0.481051 0.010445 0.528275
1.000000 0.400000 0.600000
0.500000
0.866025 2.000000 0 1 0.500000 0.500000 0.500000
-27.326107 1.651881 -29.929407
-11.470080 -2.075559 -13.928250
-0.299650 2.675815 -2.855690
0.362583 0.128886 -0.745623 0.544030
0.600000 0.700000 1.000000
0.500000
0.866025 2.000000 0 1 0.500000 0.500000 0.500000
1.499727 0.813993 -37.592907
-1.284538 0.064369 -15.051887
-0.071422 -0.194990 -0.559321
0.029205 -0.731076 0.546624 -0.407281
0.800000 1.000000 0.200000
0.500000
0.866025 2.000000 0 1 0.500000 0.500000 0.500000
8.442192 0.637443 -15.359636
2.383725 -0.966180 -6.146263
-2.766250 0.241233 -0.212907
0.045706 -0.137391 0.730471 0.667418
1.000000 0.400000 0.600000
0.500000
0.866025 2.000000 0 1 0.500000 0.500000 0.500000
-30.954243 0.853401 -13.704153
-12.786741 0.064999 -7.978082
1.560746 -5.106103 -1.131551
-0.063063 0.189110 -0.891441 -0.406931
0.600000 0.700000 1.000000
0.500000
0.866025 2.000000 0 1 0.500000 0.500000 0.500000
2.050919 0.900534 -27.357563
-1.092646 0.434131 -13.360693
-3.375146 -0.831817 2.216110
0.568655 -0.418369 -0.182207 -0.684397
0.800000 1.000000 0.200000
0.500000
0.866025 2.000000 0 1 0.500000 0.500000 0.500000
8.580187 0.665482 24.548830
3.265735 -0.982620 9.066417
0.333104 2.555820 -0.550616
-0.385189 0.510825 0.529141 -0.557402
1.000000 0.400000 0.600000
0.500000
0.866025 2.000000 0 1 0.500000 0.500000 0.500000
-21.405977 1.140510 -11.944321
-8.555385 0.558065 -6.900702
4.633074 -0.070217 -7.659287
0.759082 -0.548451 0.184238 -0.298415
0.600000 0.700000 1.000000
0.500000
0.866025 2.000000 0 1 0.500000 0.500000 0.500000
8.503196 0.913203 -28.537262
0.492804 -0.314223 -12.442090
-3.539753 -1.695911 1.970122
-0.567032 -0.493956 0.278812 0.597282
0.800000 1.000000 0.200000
0.500000
0.866025 2.000000 0 1 0.500000 0.500000 0.500000
-0.625054 6.326557 6.703673
-0.922455 -8.012436 1.618285
5.973979 -6.802324 -8.971809
-0.574001 -0.291571 0.733106 -0.219237
1.000000 0.400000 0.600000
0.500000
0.866025 2.000000 0 1 0.500000 0.500000 0.500000
-26.696369 0.905128 -21.641605
-12.427102 -1.316471 -12.046576
-1.326710 9.612740 1.388564
0.648714 -0.258471 -0.700998 -0.144795
0.600000 0.700000 1.000000
0.500000
0.866025 2.000000 0 1 0.500000 0.500000 0.500000
9.783140 1.663376 -25.100702
2.677541 -0.202442 -12.782725
-1.437158 -5.643422 2.839655
0.484697 -0.669897 -0.197529 0.526583
0.800000 1.000000 0.200000
0.500000
0.866025 2.000000 0 1 0.500000 0.500000 0.500000
6.575996 1.587457 -28.133244
1.668274 -0.598137 -14.609317
-4.116471 -6.134891 13.307140
0.465067 0.612392 0.380260 -0.513899
1.000000 0.400000 0.600000
0.500000
0.866025 2.000000 0 1 0.500000 0.500000 0.500000
-19.344648 1.451205 -1.965780
-7.509621 -2.085563 -3.540212
-3.150985 -0.880033 -5.262719
-0.797167 -0.022737 -0.050109 0.601246
0.600000 0.700000 1.000000
0.500000
